len fpr fp
8 0.200000 1
9 0.400000 2
10 0.600000 3
11 0.800000 4
12 0.800000 4
13 0.600000 3
14 0.400000 2
15 0.600000 3
16 0.600000 3
17 0.400000 2
18 0.600000 3
19 0.600000 3
20 0.600000 3
21 0.600000 3
22 0.600000 3
23 0.400000 2
24 0.400000 2
25 0.600000 3
26 0.600000 3
27 0.600000 3
28 0.600000 3
29 0.600000 3
30 0.600000 3
31 0.400000 2
32 0.400000 2
33 0.400000 2
34 0.400000 2
35 0.400000 2
36 0.400000 2
37 0.400000 2
38 0.000000 0
39 0.000000 0
40 0.200000 1
41 0.400000 2
42 0.400000 2
43 0.400000 2
44 0.400000 2
45 0.400000 2
46 0.400000 2
47 0.400000 2
48 0.600000 3
49 0.400000 2
50 0.400000 2
51 0.400000 2
52 0.400000 2
53 0.400000 2
54 0.400000 2
55 0.400000 2
56 0.400000 2
57 0.400000 2
58 0.400000 2
59 0.200000 1
60 0.200000 1
61 0.200000 1
62 0.200000 1
63 0.200000 1
64 0.200000 1
65 0.200000 1
66 0.200000 1
67 0.000000 0
68 0.000000 0
69 0.200000 1
70 0.200000 1
71 0.200000 1
72 0.200000 1
73 0.200000 1
74 0.200000 1
75 0.400000 2
76 0.400000 2
77 0.200000 1
78 0.200000 1
79 0.400000 2
80 0.200000 1
81 0.400000 2
82 0.600000 3
83 0.600000 3
84 0.600000 3
85 0.600000 3
86 0.200000 1
87 0.200000 1
88 0.000000 0
89 0.000000 0
90 0.000000 0
91 0.000000 0
92 0.000000 0
93 0.000000 0
94 0.200000 1
95 0.400000 2
96 0.400000 2
97 0.400000 2
98 0.400000 2
99 0.400000 2
100 0.600000 3
