len fpr fp tpr tp reffpr reftpr
8 0.000000 0 0.000000 0 0.000000 0.000000
9 0.000000 0 0.000000 0 0.000000 0.000000
10 0.000000 0 0.000000 0 0.000000 0.000000
11 0.000000 0 0.000000 0 0.000000 0.000000
12 0.000000 0 0.000000 0 0.000000 0.000000
13 0.000000 0 0.000000 0 0.000000 0.000000
14 0.000000 0 0.000000 0 0.000000 0.000000
15 0.000000 0 0.000000 0 0.000000 0.000000
16 0.000000 0 0.000000 0 0.000000 0.000000
17 0.000000 0 0.000000 0 0.000000 0.000000
18 0.000000 0 0.000000 0 0.000000 0.000000
19 0.000000 0 0.000000 0 0.000000 0.000000
20 0.000000 0 0.333333 1 0.000000 0.333333
21 0.000000 0 0.333333 1 0.000000 0.333333
22 0.000000 0 0.333333 1 0.000000 0.333333
23 0.000000 0 0.333333 1 0.000000 0.333333
24 0.000000 0 0.333333 1 0.000000 0.333333
25 0.000000 0 0.666667 2 0.000000 0.666667
26 0.000000 0 0.666667 2 0.000000 0.666667
27 0.000000 0 0.666667 2 0.000000 0.666667
28 0.000000 0 0.666667 2 0.000000 0.666667
29 0.000000 0 0.666667 2 0.000000 0.666667
30 0.000000 0 0.666667 2 0.000000 0.666667
31 0.000000 0 0.666667 2 0.000000 0.666667
32 0.000000 0 0.666667 2 0.000000 0.666667
33 0.000000 0 0.666667 2 0.000000 0.666667
34 0.000000 0 0.666667 2 0.000000 0.666667
35 0.000000 0 0.666667 2 0.000000 0.666667
36 0.000000 0 0.666667 2 0.000000 0.666667
37 0.000000 0 0.666667 2 0.000000 0.666667
38 0.000000 0 0.666667 2 0.000000 0.666667
39 0.000000 0 0.666667 2 0.000000 0.666667
40 0.000000 0 0.666667 2 0.000000 0.666667
41 0.000000 0 0.666667 2 0.000000 0.666667
42 0.000000 0 0.666667 2 0.000000 0.666667
43 0.000000 0 0.666667 2 0.000000 0.666667
44 0.000000 0 0.666667 2 0.000000 0.666667
45 0.000000 0 0.666667 2 0.000000 0.666667
46 0.000000 0 0.666667 2 0.000000 0.666667
47 0.000000 0 0.666667 2 0.000000 0.666667
48 0.000000 0 0.666667 2 0.000000 0.666667
49 0.000000 0 0.666667 2 0.000000 0.666667
50 0.000000 0 0.666667 2 0.000000 1.000000
51 0.000000 0 0.666667 2 0.000000 0.666667
52 0.000000 0 0.666667 2 0.000000 0.666667
53 0.000000 0 0.666667 2 0.000000 0.666667
54 0.000000 0 0.666667 2 0.000000 0.666667
55 0.000000 0 0.666667 2 0.000000 1.000000
56 0.000000 0 0.666667 2 0.000000 0.666667
57 0.000000 0 0.666667 2 0.000000 1.000000
58 0.000000 0 0.666667 2 0.000000 1.000000
59 0.000000 0 0.666667 2 0.000000 1.000000
60 0.000000 0 0.666667 2 0.000000 1.000000
61 0.000000 0 0.666667 2 0.000000 1.000000
62 0.000000 0 0.666667 2 0.000000 1.000000
63 0.000000 0 0.666667 2 0.000000 1.000000
64 0.000000 0 0.666667 2 0.000000 1.000000
65 0.000000 0 0.666667 2 0.000000 1.000000
66 0.000000 0 0.666667 2 0.000000 1.000000
67 0.000000 0 0.666667 2 0.000000 1.000000
68 0.000000 0 0.666667 2 0.000000 1.000000
69 0.000000 0 0.666667 2 0.000000 1.000000
70 0.000000 0 0.666667 2 0.000000 1.000000
71 0.000000 0 0.666667 2 0.000000 1.000000
72 0.000000 0 0.666667 2 0.000000 1.000000
73 0.000000 0 0.666667 2 0.000000 1.000000
74 0.000000 0 0.666667 2 0.000000 1.000000
75 0.000000 0 0.666667 2 0.000000 1.000000
76 0.000000 0 0.666667 2 0.000000 1.000000
77 0.000000 0 0.666667 2 0.000000 1.000000
78 0.000000 0 0.666667 2 0.000000 1.000000
79 0.000000 0 0.666667 2 0.000000 1.000000
80 0.000000 0 0.666667 2 0.000000 1.000000
81 0.000000 0 0.666667 2 0.000000 1.000000
82 0.000000 0 0.666667 2 0.000000 1.000000
83 0.000000 0 0.666667 2 0.000000 1.000000
84 0.000000 0 0.666667 2 0.000000 1.000000
85 0.000000 0 0.666667 2 0.000000 1.000000
86 0.000000 0 0.666667 2 0.000000 1.000000
87 0.000000 0 0.666667 2 0.000000 1.000000
88 0.000000 0 0.666667 2 0.000000 1.000000
89 0.000000 0 0.666667 2 0.000000 1.000000
90 0.000000 0 0.666667 2 0.000000 1.000000
91 0.000000 0 0.666667 2 0.000000 1.000000
92 0.000000 0 0.666667 2 0.000000 1.000000
93 0.000000 0 0.666667 2 0.000000 1.000000
94 0.000000 0 0.666667 2 0.000000 1.000000
95 0.000000 0 0.666667 2 0.000000 1.000000
96 0.000000 0 0.666667 2 0.000000 1.000000
97 0.000000 0 0.666667 2 0.000000 1.000000
98 0.000000 0 0.666667 2 0.000000 1.000000
99 0.000000 0 0.666667 2 0.000000 1.000000
100 0.000000 0 0.666667 2 0.000000 1.000000
