len astar single
8 0.998908 0.882517
9 0.956676 0.832045
10 0.920056 0.789347
11 0.887870 0.752613
12 0.859264 0.720572
13 0.833600 0.692303
14 0.810392 0.667120
15 0.789260 0.644499
16 0.769903 0.624033
17 0.752079 0.605401
18 0.735588 0.588344
19 0.720269 0.572652
20 0.705984 0.558152
21 0.692619 0.544701
22 0.680076 0.532177
23 0.668273 0.520480
24 0.657136 0.509521
25 0.646604 0.499227
26 0.636622 0.489532
27 0.627143 0.480381
28 0.618125 0.471725
29 0.609530 0.463520
30 0.601325 0.455730
31 0.593481 0.448319
32 0.585972 0.441258
33 0.578773 0.434521
34 0.571864 0.428083
35 0.565225 0.421924
36 0.558837 0.416022
37 0.552686 0.410362
38 0.546757 0.404926
39 0.541036 0.399701
40 0.535511 0.394673
41 0.530170 0.389831
42 0.525005 0.385162
43 0.520004 0.380657
44 0.515159 0.376306
45 0.510462 0.372102
46 0.505905 0.368035
47 0.501481 0.364099
48 0.497185 0.360286
49 0.493009 0.356591
50 0.488947 0.353007
51 0.484996 0.349529
52 0.481149 0.346151
53 0.477402 0.342870
54 0.473751 0.339681
55 0.470191 0.336579
56 0.466719 0.333560
57 0.463331 0.330621
58 0.460024 0.327758
59 0.456794 0.324969
60 0.453638 0.322249
61 0.450554 0.319597
62 0.447539 0.317009
63 0.444589 0.314483
64 0.441704 0.312017
65 0.438879 0.309607
66 0.436114 0.307253
67 0.433406 0.304951
68 0.430753 0.302701
69 0.428154 0.300499
70 0.425605 0.298345
